72.8115445282716	36.0170010486356
71.8116890565431	36.0340020972712
70.8118335848147	36.0510031459068
69.8119781130863	36.0680041945425
68.8121226413578	36.0850052431781
67.8122671696294	36.1020062918137
66.8124116979009	36.1190073404493
65.8125562261725	36.1360083890849
64.8127007544441	36.1530094377205
63.8128452827156	36.1700104863561
62.8129898109872	36.1870115349917
61.8131343392588	36.2040125836273
60.8132662163915	36.2202525612713
59.8133513925998	36.2333041957097
58.8134255319862	36.2454809471735
57.8134753052746	36.2554581261034
56.8135173542772	36.2646285261572
55.8135457187249	36.2721603314369
54.8135686534229	36.2789329874880
53.8135737901648	36.2757277640246
52.8135854182161	36.2709053198796
51.8136254423798	36.2619584363178
52.8136247595617	36.2607898321285
51.8137173304793	36.2471834635566
52.8137152649534	36.2451509656884
51.8138607588211	36.2280932235468
52.8138571826618	36.2254188440183
51.8140500862061	36.2057778186640
52.8140451017580	36.2026204667045
51.8142784461709	36.1810187451033
52.8142722269831	36.1774919424498
51.8145394614179	36.1543749042456
52.8145321827863	36.1505595130234
51.8148278325434	36.1262446594270
52.8148196448644	36.1221980199654
51.8151394235666	36.0969105695995
52.8151304452804	36.0926730594993
51.8154711462059	36.0665716079327
52.8154614650239	36.0621713499633
51.8158207836286	36.0353663485733
52.8158104607024	36.0308225895709
51.8161868148522	36.0033896411853
52.8161758894820	35.9987151764061
51.8165682628495	35.9707045930817
52.8165567567540	35.9659075045196
51.8169645719897	35.9373511714533
52.8169524928189	35.9324360726980
51.8173755131350	35.9033523713150
52.8173628572011	35.8983212971067
51.8178011121892	35.8687186298495
52.8177878665008	35.8635716694538
51.8182415975007	35.8334509767679
52.8182277412171	35.8281867222899
51.8186973619922	35.7975432726371
52.8186828674088	35.7921591332792
51.8191689366172	35.7609837879984
52.8191537697769	35.7554762068043
51.8196569724769	35.7237563047376
52.8196410934799	35.7181209039679
51.8201622295750	35.6858408697757
52.8201455926429	35.6800725435543
51.8206855707084	35.6472142941383
52.8206681240394	35.6413072615706
51.8212279594084	35.6078504637207
52.8212096448481	35.6017982917898
51.8217904611674	35.5677205088371
52.8217712137088	35.5615161114664
51.8223742474362	35.5267928655772
52.8223539945494	35.5204284831725
51.8229806020681	35.4850332518506
52.8229592628553	35.4785004140243
51.8236109300427	35.4424045734802
52.8235884142027	35.4356940464501
51.8242667684265	35.3988667701040
52.8242429750044	35.3919684893081
51.8249497996347	35.3543766064137
52.8249246155253	35.3472795940456
51.8256618671590	35.3088874108916
52.8256351653179	35.3015796773711
51.8264049940181	35.2623487614471
52.8263766313250	35.2548171891162
51.8271814042899	35.2147061149559
52.8271512189900	35.2069363216022
51.8279935481883	35.1659003754303
52.8279613568184	35.1578765544269
51.8288441312740	35.1158673932791
52.8288097249544	35.1075721262385
51.8297361485321	35.0645373856836
52.8296992884699	35.0559514223882
51.8306729242276	35.0118342653078
52.8306333362336	35.0029362643648
51.8316581586657	34.9576748613466
52.8316155264280	34.9484410832568
51.8326959832557	34.9019680128996
52.8326499400323	34.8923719550153
51.8337910256189	34.8446135097212
52.8337411439055	34.8346254699406
51.8349484869161	34.7855008493922
52.8348942654951	34.7750874012617
51.8361742341221	34.7245077716243
52.8361150816961	34.7136311290861
51.8374749106951	34.6614985206433
52.8374101250195	34.6501157637691
51.8388580700147	34.5963217729742
52.8387401480996	34.5809650179582
51.8402696480532	34.5256779440869
52.8401415967347	34.5096752493182
51.8418143419288	34.4518592280814
52.8416754902559	34.4351953730043
51.8434998299098	34.3748186300264
52.8433491451088	34.3574592839522
51.8453371441730	34.2944351140800
52.8451731878894	34.2763275000587
51.8473408120032	34.2105205883143
52.8471616643923	34.1915927482911
51.8495291654987	34.1228221357348
52.8493323062050	34.1029807690000
51.8521459437099	34.0280183887426
52.8519292328044	34.0072007316398
51.8549377607327	33.9296894123618
52.8546961052261	33.9077064049294
51.8579626070873	33.8269454385659
52.8576875732985	33.8034935317344
51.8612477128090	33.7191869221020
52.8609313059455	33.6940331229097
51.8648301913468	33.6058142502385
52.8644613789054	33.5786575041090
51.8687561506945	33.4860772766651
52.8683193650583	33.4565242651313
51.8730829148549	33.3590337107858
52.8725555729868	33.3265620978471
51.8778819268417	33.2234876700562
52.8772301555578	33.1873889476132
51.8832423837942	33.0778978083165
52.8824132963948	33.0371855569307
51.8892753761231	32.9202365453128
52.8881823129826	32.8734932945270
51.8961173687061	32.7477668202360
52.8946097296435	32.6928759726428
51.9039289076943	32.5566720482429
52.9017252335686	32.4903207703972
51.9128749317344	32.3414077737770
52.9093986023187	32.2580976665569
51.9230405292255	32.0934837192629
52.9169606461312	31.9833801261780
51.9341124845212	31.7989635021443
52.9218219460606	31.6426624478112
51.9441111295477	31.4327063588933
52.9133322241116	31.1865144218761
51.9434453795058	30.9429584556988
52.8351744733906	30.4903888774908
51.8774798124596	30.2026026088397
52.2570016812532	29.2774198425133
51.3446505706451	28.8680111824044
50.8163827158120	28.0189334041355
49.9676878498001	27.4900505963180
49.0650243308567	27.0597035601150
48.1270892047831	26.7128928058450
47.1622575892465	26.4500241054240
46.1827174394857	26.2487752669017
45.1955212503809	26.0892645016943
44.2031363311638	25.9660891303307
43.2075304376374	25.8724466999079
42.2098931292884	25.8037458921246
41.2110081199933	25.7565363781949
40.3060883541562	25.7355461961631
40.3060883541562	25.7355461961631
39.3062324188066	25.7525199566812
38.3068479855239	25.7876020676827
37.3084128096778	25.8435234377762
36.3115655941261	25.9228684366539
35.3172451134213	26.0292957905195
34.3269475737902	26.1682590338635
33.3423243489234	26.3429504905892
32.3683789206278	26.5697329914618
31.4136998507075	26.8673701421271
30.4923781563030	27.2561712936423
29.6158473401353	27.7375170408016
28.9514630146847	28.4849081486532
28.0702416299416	28.9576119365283
28.1694552458329	29.9526780943398
27.2029461757297	30.2093105502143
28.0065208038122	30.8045145632233
27.0278455375115	31.0099281049662
27.9670362414013	31.3533241179409
26.9818068673189	31.5245639510559
27.9555269221119	31.7523121780391
26.9664400391587	31.8996456025225
27.9524323656969	32.0664362857390
26.9608921771631	32.1962363416802
27.9523215348412	32.3268802421657
26.9591213421996	32.4432992154339
27.9533519480780	32.5505629200819
26.9589724328880	32.6564372785007
27.9548115566166	32.7475659767872
26.9595611852176	32.8449143112877
27.9564018112357	32.9243420540467
26.9604880334678	33.0146512299486
27.9579923045592	33.0852573851648
26.9615601375130	33.1696548760965
27.9595263157682	33.2334005195455
26.9626804791632	33.3127628408531
27.9609810903868	33.3710371030153
26.9637993390580	33.4460607980514
27.9623499875179	33.4998808915144
26.9648914866265	33.5711307265977
27.9636340523388	33.6212634248535
26.9659448378588	33.6892062781220
27.9648379039605	33.7362450120966
26.9669545668801	33.8012745867327
27.9659676975782	33.8456904025271
26.9679199547066	33.9081460103523
27.9670301247087	33.9503226413028
26.9686432120863	34.0070991567325
27.9678392853487	34.0471891452221
26.9692934448770	34.1010983696332
27.9685648158455	34.1392654649210
26.9698952431374	34.1908317770549
27.9692224417302	34.2275080657546
26.9704463917970	34.2769691826031
27.9698204273820	34.3123462514261
26.9709529436737	34.3599251331940
27.9703661641059	34.3941773568488
26.9714207249476	34.4400904223615
27.9708663580457	34.4733834618904
26.9718554660066	34.5178496016738
27.9713272225739	34.5503489528112
26.9722629919369	34.5936001153587
27.9719696054169	34.6178217371928
26.9728342437607	34.6593973200265
27.9725641327203	34.6826384284480
26.9733771512090	34.7229543803564
27.9731275782611	34.7452945596100
26.9738937706996	34.7844327484555
27.9736624141342	34.8059422720436
26.9743859825912	34.8439766428511
27.9741708603023	34.8647178650957
26.9748555049449	34.9017154399727
27.9746549144515	34.9217439384235
26.9753039073798	34.9577656633235
27.9751163781096	34.9771311835365
26.9757326244407	35.0122326493552
27.9755568794512	35.0309798916236
26.9761429681653	35.0652119515718
27.9759778931952	35.0833812303301
26.9765361397100	35.1167905312870
27.9763807579728	35.1344183312323
26.9769132399900	35.1670477734196
27.9767666915029	35.1841672213598
26.9772752793554	35.2160563581192
27.9771368038739	35.2326976257202
26.9776231863531	35.2638830131702
27.9774921091943	35.2800736628301
26.9779578156517	35.3105891676139
27.9778335358416	35.3263544514541
26.9782799552077	35.3562315236326
27.9781619355116	35.3715946438754
26.9785903327650	35.4008625611658
27.9784780912439	35.4158448988980
26.9788896217740	35.4445309879079
27.9787827245845	35.4591523063124
26.9791784468276	35.4872821461635
27.9790765020289	35.5015607737104
26.9794573887091	35.5291583874803
27.9793600408833	35.5431113862667
26.9797269891595	35.5701994260875
27.9796339146766	35.5838427505665
26.9799877554815	35.6104426830190
27.9798986582614	35.6237913347097
26.9802401651219	35.6499236345328
27.9801547727515	35.6629918191368
26.9804846703985	35.6886761813348
27.9804027304687	35.7014774760139
26.9807217035893	35.7267330595032
27.9806429801027	35.7392806001349
26.9809516826591	35.7641263204019
27.9808759523440	35.7764330216274
26.9811750179954	35.8008879160773
27.9811020663256	35.8129667412563
26.9813921206531	35.8370504395497
27.9813217373183	35.8489147438183
26.9816034127936	35.8726480876496
27.9815353862867	35.8843120657911
26.9818093412748	35.9077179395143
27.9817434521375	35.9191972222931
26.9820103957362	35.9423016794048
27.9819464078219	35.9536141386427
26.9822071331011	35.9764479421084
27.9821447819341	35.9876147879634
26.9824002112876	36.0102155282773
27.9823391881599	36.0212628144333
26.9825904362582	36.0436778333024
27.9825303660109	36.0546385306455
26.9827788286615	36.0769289673316
27.9827192379516	36.0878458290019
26.9829667197694	36.1100922306952
27.9829069907026	36.1210217579493
26.9831558922012	36.1433318687790
27.9830951928770	36.1543498070633
26.9833487908884	36.1768693921125
27.9832859685153	36.1880783527858
26.9835488473226	36.2110062508414
27.9834822589335	36.2225462830895
26.9837609918802	36.2461553534117
27.9836882282063	36.2582186056003
26.9839924873956	36.2828848944389
27.9839099093869	36.2957359332460
26.9842543262290	36.3219793145307
27.9841562663447	36.3359832480056
26.9845636396697	36.3645241081351
27.9844409938088	36.3801854196957
26.9849479649828	36.4120238450373
27.9848439690951	36.4264453900399
26.9856832073188	36.4674060068157
27.9855801677389	36.4817610945071
26.9871718272347	36.5381595484905
27.9870608628028	36.5530564122787
26.9902624700056	36.6330124259160
27.9901396554720	36.6486845024784
26.9974638077422	36.7694928686374
25.9984101890128	36.8129884650082
24.9985547172843	36.8299895136438
23.9986992455559	36.8469905622795
22.9988437738275	36.8639916109151
21.9989883020990	36.8809926595507
20.9991328303706	36.8979937081863
19.9992773586422	36.9149947568219
18.9994218869137	36.9319958054575
17.9995664151853	36.9489968540931
16.9997109434569	36.9659979027288
15.9998554717284	36.9829989513644